v1	_komunistickstrechamoravy	_kesademuniesstrlidov	_nezvislkandidti	_obanskdemokratickstrana	_sdruennezvislchkandidt	v7	_kesdemokruniesstrlid	v9	_sdrunezvkandmstcelkem	v11	v12	v13	v14	_snkmalenickeny	v16	v17	v18	v19	v20	v21	_sdrunezvkandmalenice	_top09	d1	d2
"Alois Stanìk"	1	0	0	0	0	1	0	0	0	0	0	0	0	0	0	0	0	0	0	0	0	0	.8851766	.0381226
"František Beneš"	1	0	0	0	0	1	0	0	0	1	0	0	0	0	1	0	0	1	0	0	0	0	2.042191	.1182617
"Jindøich Hrabák"	1	0	0	0	0	0	0	0	0	0	0	0	0	0	0	0	0	0	0	0	0	0	.4376468	.0083916
"Jiøí Furbach"	1	0	0	0	0	1	0	0	0	1	0	0	0	0	0	0	0	1	0	0	0	0	1.729457	.0962072
"Josef Frk"	1	0	0	0	0	1	0	0	0	1	0	0	0	0	1	0	0	1	0	0	0	0	2.042191	.1182617
"Ladislav Køíž"	1	0	0	0	0	0	0	0	0	1	0	0	0	0	1	0	0	1	0	0	0	0	1.594661	.0885306
"Milan Smola"	1	0	0	0	0	1	0	0	0	1	0	0	0	0	1	0	0	1	0	0	0	0	2.042191	.1182617
"Miroslav Jeøábek"	1	0	0	0	0	1	0	0	0	1	0	0	0	0	0	0	0	1	0	0	0	0	1.729457	.0962072
"Václav Smíšek"	1	0	0	0	0	1	0	0	0	1	0	0	0	0	1	0	0	0	0	0	0	0	1.669881	.0920738
"Hubert Faber"	0	1	0	0	0	0	0	0	0	0	0	0	0	0	0	0	0	0	0	0	0	0	-.0921876	-.331591
"Jan Stanìk"	0	1	0	0	0	0	1	0	0	0	1	0	0	0	0	1	0	0	0	0	0	0	-.3056046	-1.456504
"Jana Dejmková"	0	1	0	0	0	0	0	0	0	0	0	0	0	0	0	0	0	0	0	0	0	0	-.0921876	-.331591
"Jana Lukešová"	0	1	0	0	0	0	1	0	0	0	0	0	0	0	0	0	0	0	0	0	0	0	-.155073	-.6805714
"Jiøí Maroušek"	0	1	0	0	0	0	0	0	0	0	1	0	0	0	0	1	0	0	1	0	0	0	-.2911471	-1.36719
"Jiøí Maršák"	0	1	0	0	0	0	0	0	0	0	0	0	0	0	0	1	0	0	0	0	0	0	-.1684655	-.6863081
"Jiøí Pilný"	0	1	0	0	0	0	0	0	0	0	0	0	0	0	0	0	0	0	0	0	0	0	-.0921876	-.331591
"Josef Blahovec"	0	1	0	0	0	0	1	0	0	0	1	0	0	0	0	1	0	0	0	0	0	1	-.3743142	-1.540872
"Marie Taliánová"	0	1	0	0	0	0	0	0	0	0	1	0	0	0	0	0	0	0	0	0	0	0	-.1664413	-.7528062
"Pavel Kuhn"	0	0	1	0	0	0	0	0	0	0	0	0	0	0	0	0	0	0	0	0	0	0	-.0355058	-.024515
"František Kunc"	0	0	0	1	0	0	0	0	0	0	0	0	0	0	0	0	0	0	0	0	0	0	-.1073116	-.0069784
"Jana Svítivá"	0	0	0	1	0	0	0	0	1	0	0	1	0	0	0	0	1	0	0	1	0	0	-.5559881	.8358611
"Jarmila Vaòatová"	0	0	0	1	0	0	0	1	0	0	0	0	0	0	0	0	0	0	0	0	0	0	-.1725231	-.0151107
"Jaroslav Frk"	0	0	0	1	0	0	0	0	0	0	0	0	0	0	0	0	0	0	0	0	0	0	-.1073116	-.0069784
"Jaroslav Mráz 1"	0	0	0	1	0	0	0	1	0	0	0	1	0	0	0	0	0	0	0	0	0	0	-.2586837	.0815964
"Karel Dolanský"	0	0	0	1	0	0	0	1	0	0	0	0	0	0	0	0	0	0	0	0	0	1	-.2412328	-.099479
"Marcela Rolníková"	0	0	0	1	0	0	0	1	0	0	0	1	0	0	0	0	0	0	0	0	0	1	-.3273933	-.0027719
"Miroslav Kotous"	0	0	0	1	0	0	0	1	0	0	0	0	0	0	0	1	0	0	0	0	0	0	-.248801	-.3698278
"Václav Frnoch"	0	0	0	1	0	0	0	1	0	0	0	0	0	0	0	0	0	0	0	0	0	0	-.1725231	-.0151107
"Alena Škopková"	0	0	0	0	1	0	0	0	0	0	0	0	0	0	0	0	0	0	0	0	0	0	-.1186062	.2016392
"Gertruda Ungerová"	0	0	0	0	1	0	0	0	0	0	0	0	0	0	0	0	0	0	0	0	0	0	-.1186062	.2016392
"Hana Hošková"	0	0	0	0	1	0	0	0	1	0	0	0	0	0	0	0	0	0	0	0	0	0	-.324666	.7114827
"Helena Èumrová"	0	0	0	0	1	0	0	0	1	0	0	0	0	1	0	0	0	0	0	0	0	0	-.4003734	.9087299
"Irena Sládková"	0	0	0	0	1	0	0	0	1	0	0	0	0	1	0	0	0	0	0	0	0	0	-.4003734	.9087299
"Marie Jeøábková"	0	0	0	0	1	0	0	0	1	0	0	0	0	0	0	0	0	0	0	0	0	0	-.324666	.7114827
"Petra Hošková"	0	0	0	0	1	0	0	0	1	0	0	0	0	1	0	0	0	0	0	0	0	0	-.4003734	.9087299
"Vìra Faberová"	0	0	0	0	1	0	0	0	0	0	0	0	0	0	0	0	0	0	0	0	0	0	-.1186062	.2016392
"Zdena Houzimová"	0	0	0	0	1	0	0	0	1	0	0	0	0	0	0	0	0	0	0	0	0	0	-.324666	.7114827
"Jan Lazar"	0	0	0	0	0	1	0	0	0	0	0	0	0	0	0	0	0	0	0	0	0	0	.4132064	.0062259
"Vladimír Martínek"	0	0	0	0	0	1	0	0	0	1	0	0	0	0	0	0	0	0	0	0	0	0	.8851766	.0381226
"Jana Slepièková"	0	0	0	0	0	0	1	0	0	0	1	0	0	0	0	1	0	0	1	0	0	0	-.2961684	-1.408084
"Jaromír Louda"	0	0	0	0	0	0	1	0	0	0	0	0	0	0	0	0	0	0	0	0	0	0	-.0972089	-.3724855
"Milada Kochtová"	0	0	0	0	0	0	1	0	0	0	0	0	0	0	0	0	0	0	0	0	0	0	-.0972089	-.3724855
"Oldøich Hamtil"	0	0	0	0	0	0	1	0	0	0	1	0	0	0	0	0	0	0	0	0	0	0	-.1714626	-.7937008
"Vlastimil Koreš"	0	0	0	0	0	0	1	0	0	0	1	0	0	0	0	0	0	0	1	0	0	0	-.2198905	-1.053367
"Zdenìk Šleis"	0	0	0	0	0	0	1	0	0	0	1	0	0	0	0	0	0	0	0	0	0	0	-.1714626	-.7937008
"Jaroslava Holeèková"	0	0	0	0	0	0	0	1	0	0	0	1	0	0	0	0	0	0	0	1	0	0	-.2551575	.1688918
"Jiøí Krajánek"	0	0	0	0	0	0	0	1	0	0	0	0	1	0	0	0	0	0	0	0	0	0	-.1823965	.0860301
"Petr Lusk"	0	0	0	0	0	0	0	1	0	0	0	0	0	0	0	0	0	0	0	0	0	0	-.099535	-.0316375
"Jana Mottlová"	0	0	0	0	0	0	0	0	1	0	0	0	0	0	0	0	0	0	0	0	0	0	-.2403833	.4863383
"Jaroslav Mráz 2"	0	0	0	0	0	0	0	0	1	0	0	0	0	0	0	0	0	0	0	0	0	0	-.2403833	.4863383
"Jaroslava Brabcová"	0	0	0	0	0	0	0	0	1	0	0	0	0	1	0	0	0	0	0	0	0	0	-.3160906	.6835855
"Jindøich Jindøich"	0	0	0	0	0	0	0	0	1	0	0	0	0	0	0	0	0	0	0	0	0	0	-.2403833	.4863383
"Jiøí Mráz"	0	0	0	0	0	0	0	0	1	0	0	0	1	0	0	0	1	0	0	1	0	0	-.479701	.8402948
"Josef Narovec"	0	0	0	0	0	0	0	0	1	0	0	0	1	0	0	0	0	0	0	0	0	0	-.3232448	.6040059
"Marek Švehla"	0	0	0	0	0	0	0	0	1	0	0	0	0	0	0	0	0	0	0	0	0	0	-.2403833	.4863383
"Pavel Frnoch"	0	0	0	0	0	0	0	0	1	0	0	0	1	0	0	0	0	0	0	0	0	0	-.3232448	.6040059
"Renáta Fürbachová"	0	0	0	0	0	0	0	0	1	0	0	0	0	1	0	0	0	0	0	0	0	0	-.3160906	.6835855
"Silvie Pøílepková"	0	0	0	0	0	0	0	0	1	0	0	0	1	0	0	0	0	0	0	0	0	0	-.3232448	.6040059
"Václav Štìtina"	0	0	0	0	0	0	0	0	1	0	0	1	0	0	0	0	1	0	0	0	0	0	-.4135382	.7155122
"Gabriela Smolová"	0	0	0	0	0	0	0	0	0	1	0	0	0	0	0	0	0	0	0	0	0	0	.4376468	.0083916
"Josef Bednaøík"	0	0	0	0	0	0	0	0	0	0	1	0	0	0	0	1	0	0	1	0	0	0	-.2332829	-1.059104
"Helena Pøílepková"	0	0	0	0	0	0	0	0	0	0	0	1	0	0	0	0	0	0	0	1	0	0	-.1899459	.1770241
"Jiøí Liška"	0	0	0	0	0	0	0	0	0	0	0	1	0	0	0	0	1	0	0	0	0	1	-.276188	.1213005
"Petra Lusková"	0	0	0	0	0	0	0	0	0	0	0	1	0	0	0	0	0	0	0	1	0	0	-.1899459	.1770241
"Petra Mrázová"	0	0	0	0	0	0	0	0	0	0	0	1	0	0	0	0	0	0	0	0	0	0	-.120484	.0732019
"Jan Houzim"	0	0	0	0	0	0	0	0	0	0	0	0	1	0	0	0	1	0	0	0	0	1	-.2728889	.1422609
"Jan Kolafa"	0	0	0	0	0	0	0	0	0	0	0	0	1	0	0	0	0	0	0	0	0	0	-.117185	.0941624
"Petr Jirotka"	0	0	0	0	0	0	0	0	0	0	0	0	1	0	0	0	1	0	0	0	0	0	-.2041793	.2266292
"Vladimír Zatloukal"	0	0	0	0	0	0	0	0	0	0	0	0	1	0	0	1	0	0	0	0	0	1	-.2621724	-.3449229
"Jana Smíšková"	0	0	0	0	0	0	0	0	0	0	0	0	0	1	0	0	0	0	0	0	0	0	-.1100308	.173742
"Kateøina Èumrová"	0	0	0	0	0	0	0	0	0	0	0	0	0	1	0	0	0	0	0	0	0	0	-.1100308	.173742
"Yveta Sládková"	0	0	0	0	0	0	0	0	0	0	0	0	0	1	0	0	0	0	0	0	0	0	-.1100308	.173742
"Zdeòka Kotousová"	0	0	0	0	0	0	0	0	0	0	0	0	0	1	0	0	0	0	0	0	0	0	-.1100308	.173742
"Jiøí Kováø"	0	0	0	0	0	0	0	0	0	0	0	0	0	0	0	1	0	0	0	0	0	0	-.1106014	-.3782223
"Luboš Šrámek"	0	0	0	0	0	0	0	0	0	0	0	0	0	0	0	0	1	0	0	0	0	0	-.1213178	.1089616
"Ludmila Maroušková"	0	0	0	0	0	0	0	0	0	0	0	0	0	0	0	0	1	0	0	0	1	0	-.1442812	.1124565
"Silvie Havlátková"	0	0	0	0	0	0	0	0	0	0	0	0	0	0	0	0	1	0	0	0	1	0	-.1442812	.1124565
"Dana Bednaøíková"	0	0	0	0	0	0	0	0	0	0	0	0	0	0	0	0	0	0	1	0	0	0	-.0827513	-.2831715
"Jakub Komrska"	0	0	0	0	0	0	0	0	0	0	0	0	0	0	0	0	0	0	1	0	0	0	-.0827513	-.2831715
"Jan Franc"	0	0	0	0	0	0	0	0	0	0	0	0	0	0	0	0	0	0	1	0	0	0	-.0827513	-.2831715
"Jana Mindlová"	0	0	0	0	0	0	0	0	0	0	0	0	0	0	0	0	0	0	1	0	0	0	-.0827513	-.2831715
"Zdeòka Kùsová"	0	0	0	0	0	0	0	0	0	0	0	0	0	0	0	0	0	0	1	0	0	0	-.0827513	-.2831715
"Lenka Mrázová"	0	0	0	0	0	0	0	0	0	0	0	0	0	0	0	0	0	0	0	1	0	0	-.1037854	.080317
"Martina Šleisová"	0	0	0	0	0	0	0	0	0	0	0	0	0	0	0	0	0	0	0	1	0	0	-.1037854	.080317
"Oto Švehla"	0	0	0	0	0	0	0	0	0	0	0	0	0	0	0	0	0	0	0	1	0	0	-.1037854	.080317
"Štìpán Hais"	0	0	0	0	0	0	0	0	0	0	0	0	0	0	0	0	0	0	0	1	0	0	-.1037854	.080317
"Hana Svítivá"	0	0	0	0	0	0	0	0	0	0	0	0	0	0	0	0	0	0	0	0	1	0	-.0572869	-.0200103
"Iveta Frková"	0	0	0	0	0	0	0	0	0	0	0	0	0	0	0	0	0	0	0	0	1	0	-.0572869	-.0200103
"Jaroslav Neužil"	0	0	0	0	0	0	0	0	0	0	0	0	0	0	0	0	0	0	0	0	1	0	-.0572869	-.0200103
"Jiøí Tadeáš Pelech"	0	0	0	0	0	0	0	0	0	0	0	0	0	0	0	0	0	0	0	0	1	0	-.0572869	-.0200103
"Lenka Frnochová"	0	0	0	0	0	0	0	0	0	0	0	0	0	0	0	0	0	0	0	0	1	0	-.0572869	-.0200103
"Tomáš Kohlberger"	0	0	0	0	0	0	0	0	0	0	0	0	0	0	0	0	0	0	0	0	1	0	-.0572869	-.0200103
"Václav Dejmek"	0	0	0	0	0	0	0	0	0	0	0	0	0	0	0	0	0	0	0	0	1	0	-.0572869	-.0200103
"Dana Kolafová"	0	0	0	0	0	0	0	0	0	0	0	0	0	0	0	0	0	0	0	0	0	1	-.1030331	-.1078734
"Marie Frnochová"	0	0	0	0	0	0	0	0	0	0	0	0	0	0	0	0	0	0	0	0	0	1	-.1030331	-.1078734
"Miloslava Pravdová"	0	0	0	0	0	0	0	0	0	0	0	0	0	0	0	0	0	0	0	0	0	1	-.1030331	-.1078734
